2 7057
4 7309
6 1847
8 520
10 5753
12 1439
14 3283
16 5052
18 6221
20 1707
22 2680
24 4077
26 4671
28 3990
30 2327
32 2288
34 3292
36 331
38 2797
40 2960
42 1283
44 2445
46 5555
48 6567
50 179
52 6610
54 2240
56 5864
58 5527
60 4842
62 1146
64 5453
66 3548
68 2312
70 2320
72 3741
74 494
76 3891
78 524
80 3903
82 773
84 3925
86 124
88 5618
90 7229
92 6449
94 4119
96 2121
98 3267
100 5404
102 6110
104 940
106 777
108 6055
110 175
112 4445
114 5780
116 2623
118 7140
120 1739
122 6722
124 897
126 6026
128 5648
130 7014
132 6278
134 6390
136 2011
138 2964
140 5578
142 3646
144 4243
146 2283
148 1700
150 4927
152 2445
154 4814
156 5690
158 4754
160 5618
162 5108
164 6905
166 1585
168 32
170 1558
172 2530
174 2674
176 6514
178 1188
180 5481
182 3269
184 3279
186 6442
188 5045
190 3292
192 3042
194 5686
196 2127
198 4490
200 4922
202 1441
204 2398
206 6744
208 31
210 620
212 4362
214 950
216 4507
218 7329
220 5639
222 3276
224 3093
226 762
228 3777
230 6782
232 1730
234 3438
236 2930
238 5248
240 4682
242 2476
244 1607
246 4198
248 5663
250 4691
252 3561
254 4926
256 1791
258 5452
260 6623
262 1000
264 1321
266 3479
268 6507
270 5862
272 3812
274 582
276 2634
278 3621
280 4847
282 4421
284 5813
286 2146
288 1846
290 5200
292 451
294 2258
296 2817
298 7300
300 3001
302 532
304 6468
306 4943
308 3501
310 6816
312 6087
314 5760
316 5351
318 4221
320 5509
322 1351
324 1203
326 3006
328 1268
330 6329
332 2131
334 2185
336 3759
338 1374
340 4911
342 1335
344 2338
346 3021
348 7229
350 3002
352 5098
354 1589
356 2873
358 244
360 4614
362 7195
364 2966
366 5242
368 2894
370 1161
372 3809
374 6373
376 7057
378 6639
380 6624
382 3245
384 143
386 6511
388 6877
390 1491
392 4621
394 1307
396 3710
398 4345
400 4785
402 6782
404 157
406 845
408 6837
410 5168
412 5387
414 2229
416 7138
418 512
420 5922
422 2470
424 1895
426 2045
428 2786
430 5919
432 4453
434 1634
436 6605
438 2024
440 4363
442 5203
444 3247
446 6215
448 5367
450 6257
452 7244
454 354
456 3731
458 1534
460 5148
462 1267
464 3621
466 2625
468 912
470 5583
472 110
474 3496
476 6428
478 6277
480 167
482 4726
484 6102
486 2049
488 448
490 752
492 1045
494 5980
496 384
498 3134
500 5803
502 1077
504 6842
506 4430
508 71
510 4154
512 2812
514 5777
516 3623
518 6089
520 1227
522 2664
524 2663
526 5157
528 3369
530 5142
532 6644
534 2089
536 1595
538 1648
540 4220
542 2163
544 4535
546 1920
548 6133
550 4723
552 743
554 1249
556 3546
558 3602
560 3922
562 1421
564 1169
566 708
568 5225
570 4071
572 5700
574 4649
576 1772
578 2854
580 3642
582 873
584 2979
586 2573
588 6590
590 9
592 5244
594 1138
596 6066
598 5004
600 1156
602 1477
604 6874
606 5899
608 711
610 5287
612 2250
614 6340
616 6945
618 1311
620 197
622 2748
624 803
626 5993
628 5111
630 3627
632 4158
634 869
636 940
638 2816
640 2669
642 5531
644 4082
646 6669
648 2154
650 589
652 1899
654 6671
656 437
658 1159
660 962
662 3374
664 360
666 3162
668 217
670 2998
672 4863
674 4543
676 6032
678 7182
680 3198
682 1185
684 4017
686 1878
688 2265
690 2454
692 88
694 5204
696 2380
698 5619
700 3492
702 1739
704 6358
706 1563
708 7006
710 7027
712 4296
714 3078
716 1115
718 2115
720 6579
722 962
724 5864
726 1491
728 5635
730 6771
732 1709
734 6319
736 5541
738 6446
740 5674
742 1541
744 1484
746 5925
748 5893
750 3750
752 4275
754 6832
756 5829
758 4403
760 1059
762 2293
764 4545
766 4999
768 4409
770 6214
772 2901
774 3963
776 3167
778 1212
780 5619
782 6442
784 3457
786 2215
788 4477
790 3503
792 367
794 6842
796 3327
798 6750
800 4064
802 2700
804 3635
806 7281
808 5042
810 733
812 6130
814 6279
816 1360
818 5985
820 5109
822 7001
824 5914
826 5851
828 5031
830 6608
832 1095
834 3321
836 4381
838 1841
840 6866
842 4704
844 912
846 1047
848 1185
850 2150
852 511
854 2952
856 5472
858 3928
860 6592
862 4208
864 4921
866 440
868 3514
870 886
872 4924
874 2491
876 4772
878 728
880 500
882 2855
884 856
886 6954
888 2516
890 3605
892 356
894 5866
896 7218
898 7189
900 4481
902 6370
904 7306
906 3670
908 3880
910 5614
912 6855
914 6091
916 2352
918 1030
920 1143
922 169
924 972
926 1864
928 2850
930 3506
932 2601
934 5249
936 4614
938 2561
940 6685
942 6513
944 4037
946 5231
948 632
950 3805
952 3438
954 3958
956 1514
958 4775
960 3216
962 453
964 7287
966 6717
968 5248
970 4915
972 6282
974 2639
976 2679
978 5131
980 4066
982 294
984 3866
986 6283
988 207
990 1889
992 1186
994 2268
996 2419
998 4448
1000 6414
1002 5834
1004 3153
1006 6208
1008 246
1010 6006
1012 6023
1014 6578
1016 5452
1018 664
1020 3468
1022 532
1024 2564
1026 3237
1028 6362
1030 6107
1032 5133
1034 236
1036 559
1038 1573
1040 4063
1042 6824
1044 4692
1046 3880
1048 209
1050 2274
1052 7209
1054 4505
1056 2375
1058 3641
1060 3359
1062 6367
1064 5288
1066 2978
1068 1722
1070 2160
1072 4740
1074 2489
1076 1388
1078 3063
1080 211
1082 2301
1084 3710
1086 4178
1088 4822
1090 5638
1092 793
1094 6735
1096 2666
1098 4224
1100 4154
1102 5834
1104 863
1106 6824
1108 5767
1110 1881
1112 5651
1114 924
1116 2962
1118 23
1120 2260
1122 1950
1124 1100
1126 3305
1128 3840
1130 3082
1132 229
1134 1857
1136 455
1138 5826
1140 6930
1142 2574
1144 4983
1146 4600
1148 635
1150 3184
1152 6464
1154 525
1156 3521
1158 6909
1160 4539
1162 6592
1164 6559
1166 7263
1168 5355
1170 271
1172 6796
1174 3394
1176 1506
1178 5852
1180 559
1182 1102
1184 5643
1186 1271
1188 6533
1190 7196
1192 2212
1194 5490
1196 7077
1198 2980
1200 5711
1202 6263
1204 4760
1206 2171
1208 173
1210 1341
1212 2572
1214 2962
1216 1215
1218 1611
1220 5733
1222 6505
1224 2275
1226 5300
1228 3842
1230 698
1232 5101
1234 6348
1236 5477
1238 5902
1240 4444
1242 2115
1244 4795
1246 7000
1248 6853
1250 4257
1252 5744
1254 6765
1256 1555
1258 4080
1260 251
1262 5739
1264 6491
1266 3430
1268 5002
1270 5370
1272 183
1274 3729
1276 364
1278 185
1280 6790
1282 2360
1284 932
1286 1820
1288 5841
1290 1442
1292 7266
1294 4688
1296 2727
1298 5984
1300 2063
1302 5121
1304 650
1306 3390
1308 5859
1310 1698
1312 1088
1314 6112
1316 4871
1318 5221
1320 2355
1322 3682
1324 6683
1326 4830
1328 1005
1330 2706
1332 6559
1334 4035
1336 2295
1338 3797
1340 5529
1342 4742
1344 3052
1346 2383
1348 5458
1350 679
1352 158
1354 7100
1356 3567
1358 164
1360 6117
1362 2982
1364 5356
1366 5490
1368 5971
1370 3298
1372 2122
1374 1088
1376 2505
1378 2441
1380 688
1382 6927
1384 1888
1386 5821
1388 2745
1390 2818
1392 2513
1394 365
1396 3839
1398 3885
1400 3555
1402 3883
1404 2792
1406 252
1408 7270
1410 4349
1412 6390
1414 2156
1416 3575
1418 1924
1420 3654
1422 3851
1424 1485
1426 3932
1428 2774
1430 4808
1432 2162
1434 4262
1436 6576
1438 1885
1440 2383
1442 5748
1444 3772
1446 2927
1448 4925
1450 4681
1452 1331
1454 4677
1456 5314
1458 6063
1460 2591
1462 1831
1464 3764
1466 4509
1468 6579
1470 7097
1472 3203
1474 1269
1476 2347
1478 5794
1480 1904
1482 7234
1484 254
1486 6806
1488 5676
1490 874
1492 1016
1494 267
1496 1290
1498 1748
1500 4421
1502 5506
1504 6725
1506 3388
1508 1327
1510 3177
1512 1976
1514 5779
1516 1538
1518 2765
1520 3438
1522 267
1524 1507
1526 6627
1528 4090
1530 5068
1532 1466
1534 5672
1536 787
1538 2581
1540 4842
1542 5097
1544 4705
1546 3414
1548 2310
1550 1370
1552 3219
1554 6055
1556 3596
1558 998
1560 5001
1562 1325
1564 2149
1566 2691
1568 929
1570 2815
1572 6385
1574 258
1576 1812
1578 4740
1580 2159
1582 5342
1584 3436
1586 2042
1588 3987
1590 2744
1592 749
1594 1455
1596 2188
1598 3672
1600 3988
1602 4997
1604 5506
1606 5115
1608 7325
1610 4500
1612 1729
1614 5546
1616 3836
1618 2808
1620 5821
1622 4996
1624 2370
1626 261
1628 1087
1630 4642
1632 6246
1634 4268
1636 5921
1638 7050
1640 6277
1642 6904
1644 2093
1646 4077
1648 2202
1650 5726
1652 4882
1654 4236
1656 6889
1658 4858
1660 4486
1662 4106
1664 948
1666 2634
1668 5757
1670 110
1672 2599
1674 1312
1676 7055
1678 1221
1680 4361
1682 4406
1684 986
1686 2616
1688 5323
1690 4438
1692 979
1694 7243
1696 6663
1698 1430
1700 6671
1702 4357
1704 5517
1706 3007
1708 7137
1710 2669
1712 2152
1714 6596
1716 3489
1718 3887
1720 3742
1722 6084
1724 2308
1726 165
1728 57
1730 738
1732 4047
1734 5411
1736 5889
1738 5768
1740 4436
1742 2643
1744 2119
1746 4180
1748 4341
1750 663
1752 14
1754 165
1756 1916
1758 5970
1760 5536
1762 5661
1764 1787
1766 1869
1768 2413
1770 5628
1772 5140
1774 1222
1776 3627
1778 3353
1780 5320
1782 7092
1784 863
1786 4466
1788 6908
1790 2383
1792 1827
1794 2546
1796 5676
1798 5391
1800 917
1802 5181
1804 6850
1806 2277
1808 3083
1810 1723
1812 1769
1814 7059
1816 4901
1818 450
1820 6704
1822 3758
1824 1654
1826 1225
1828 4705
1830 4985
1832 3609
1834 4497
1836 5750
1838 6168
1840 2050
1842 381
1844 6977
1846 5783
1848 7298
1850 2539
1852 3266
1854 422
1856 5619
1858 5750
1860 2380
1862 6535
1864 5545
1866 1012
1868 2410
1870 1448
1872 6786
1874 2857
1876 6527
1878 5954
1880 3967
1882 3682
1884 5167
1886 748
1888 5034
1890 606
1892 5254
1894 1801
1896 2595
1898 2256
1900 2579
1902 481
1904 2087
1906 2192
1908 2334
1910 425
1912 5783
1914 2132
1916 7284
1918 1256
1920 1916
1922 2216
1924 1648
1926 6523
1928 6911
1930 1194
1932 3293
1934 3872
1936 7038
1938 6345
1940 4331
1942 3884
1944 5
1946 193
1948 7147
1950 1484
1952 6155
1954 1084
1956 3107
1958 4755
1960 4808
1962 3330
1964 956
1966 1172
1968 3475
1970 4864
1972 1481
1974 330
1976 6484
1978 6825
1980 4275
1982 7257
1984 2066
1986 2728
1988 1341
1990 4734
1992 4273
1994 3776
1996 3051
1998 2060
2000 6541
